generation  	alive.rpl   	q.adlt.a.freq_a1	q.adlt.a.freq_a2	q.adlt.a.freq_a3
1           	25          	0.1058      	0.7906      	0.1036      
2           	25          	0.1063      	0.7888      	0.1049      
3           	25          	0.1058      	0.7921      	0.1021      
4           	25          	0.1065      	0.7869      	0.1066      
5           	25          	0.1063      	0.7832      	0.1105      
6           	25          	0.1094      	0.7806      	0.11        
7           	25          	0.114       	0.7753      	0.1107      
8           	25          	0.114       	0.7673      	0.1187      
9           	25          	0.1123      	0.7659      	0.1218      
10          	25          	0.1152      	0.7666      	0.1182      
11          	25          	0.1141      	0.7697      	0.1162      
12          	25          	0.1107      	0.7787      	0.1106      
13          	25          	0.1083      	0.7828      	0.1089      
14          	25          	0.11        	0.7786      	0.1114      
15          	25          	0.1072      	0.7881      	0.1047      
16          	25          	0.1059      	0.7899      	0.1042      
17          	25          	0.103       	0.7952      	0.1018      
18          	25          	0.0985      	0.8017      	0.0998      
19          	25          	0.0952      	0.8083      	0.0965      
20          	25          	0.0942      	0.8105      	0.0953      
21          	25          	0.0945      	0.8109      	0.0946      
22          	25          	0.0915      	0.8118      	0.0967      
23          	25          	0.0859      	0.8126      	0.1015      
24          	25          	0.0807      	0.8168      	0.1025      
25          	25          	0.0764      	0.8253      	0.0983      
26          	25          	0.0774      	0.8216      	0.101       
27          	25          	0.076       	0.8241      	0.0999      
28          	25          	0.0732      	0.826       	0.1008      
29          	25          	0.0699      	0.8325      	0.0976      
30          	25          	0.0685      	0.8363      	0.0952      
31          	25          	0.0679      	0.8345      	0.0976      
32          	25          	0.0676      	0.8354      	0.097       
33          	25          	0.0647      	0.8384      	0.0969      
34          	25          	0.0611      	0.8412      	0.0977      
35          	25          	0.0604      	0.8431      	0.0965      
36          	25          	0.059       	0.8417      	0.0993      
37          	25          	0.0553      	0.8405      	0.1042      
38          	25          	0.0555      	0.8409      	0.1036      
39          	25          	0.0533      	0.8431      	0.1036      
40          	25          	0.0518      	0.8442      	0.104       
41          	25          	0.053       	0.8443      	0.1027      
42          	25          	0.0518      	0.8494      	0.0988      
43          	25          	0.0507      	0.8482      	0.1011      
44          	25          	0.0497      	0.8513      	0.099       
45          	25          	0.0492      	0.8523      	0.0985      
46          	25          	0.0477      	0.8544      	0.0979      
47          	25          	0.0437      	0.8596      	0.0967      
48          	25          	0.0423      	0.8665      	0.0912      
49          	25          	0.0397      	0.8672      	0.0931      
50          	25          	0.0396      	0.8709      	0.0895      
51          	25          	0.0398      	0.8687      	0.0915      
52          	25          	0.0381      	0.8718      	0.0901      
53          	25          	0.0381      	0.8703      	0.0916      
54          	25          	0.034       	0.8697      	0.0963      
55          	25          	0.0302      	0.868       	0.1018      
56          	25          	0.0279      	0.8718      	0.1003      
57          	25          	0.0272      	0.8751      	0.0977      
58          	25          	0.0302      	0.8773      	0.0925      
59          	25          	0.0321      	0.8776      	0.0903      
60          	25          	0.0263      	0.8852      	0.0885      
61          	25          	0.0272      	0.8873      	0.0855      
62          	25          	0.0274      	0.885       	0.0876      
63          	25          	0.0269      	0.8875      	0.0856      
64          	25          	0.0278      	0.8914      	0.0808      
65          	25          	0.0273      	0.8937      	0.079       
66          	25          	0.0298      	0.8937      	0.0765      
67          	25          	0.029       	0.8921      	0.0789      
68          	25          	0.0295      	0.8929      	0.0776      
69          	25          	0.0304      	0.894       	0.0756      
70          	25          	0.0311      	0.8929      	0.076       
71          	25          	0.0293      	0.8919      	0.0788      
72          	25          	0.0278      	0.8952      	0.077       
73          	25          	0.0273      	0.891       	0.0817      
74          	25          	0.0249      	0.8932      	0.0819      
75          	25          	0.0247      	0.8894      	0.0859      
76          	25          	0.0227      	0.8902      	0.0871      
77          	25          	0.0253      	0.8851      	0.0896      
78          	25          	0.0253      	0.8845      	0.0902      
79          	25          	0.0259      	0.8853      	0.0888      
80          	25          	0.0255      	0.8865      	0.088       
81          	25          	0.0244      	0.8904      	0.0852      
82          	25          	0.0234      	0.8916      	0.085       
83          	25          	0.0226      	0.8918      	0.0856      
84          	25          	0.0235      	0.8972      	0.0793      
85          	25          	0.0241      	0.8983      	0.0776      
86          	25          	0.0248      	0.8954      	0.0798      
87          	25          	0.025       	0.8895      	0.0855      
88          	25          	0.0244      	0.8905      	0.0851      
89          	25          	0.0247      	0.8909      	0.0844      
90          	25          	0.0244      	0.8934      	0.0822      
91          	25          	0.023       	0.8965      	0.0805      
92          	25          	0.0231      	0.8944      	0.0825      
93          	25          	0.0234      	0.8904      	0.0862      
94          	25          	0.0239      	0.8925      	0.0836      
95          	25          	0.0239      	0.8941      	0.082       
96          	25          	0.0254      	0.8923      	0.0823      
97          	25          	0.0264      	0.8926      	0.081       
98          	25          	0.0284      	0.8921      	0.0795      
99          	25          	0.0307      	0.892       	0.0773      
100         	25          	0.0285      	0.8941      	0.0774      
101         	25          	0.0279      	0.8948      	0.0773      
102         	25          	0.0271      	0.8936      	0.0793      
103         	25          	0.0264      	0.8916      	0.082       
104         	25          	0.0273      	0.8928      	0.0799      
105         	25          	0.0255      	0.8939      	0.0806      
106         	25          	0.0235      	0.8977      	0.0788      
107         	25          	0.0232      	0.8984      	0.0784      
108         	25          	0.0235      	0.9043      	0.0722      
109         	25          	0.0237      	0.9025      	0.0738      
110         	25          	0.0229      	0.9028      	0.0743      
111         	25          	0.0223      	0.9009      	0.0768      
112         	25          	0.0208      	0.902       	0.0772      
113         	25          	0.0199      	0.9046      	0.0755      
114         	25          	0.0202      	0.9051      	0.0747      
115         	25          	0.0184      	0.9046      	0.077       
116         	25          	0.0168      	0.908       	0.0752      
117         	25          	0.0145      	0.9121      	0.0734      
118         	25          	0.0158      	0.9079      	0.0763      
119         	25          	0.0172      	0.9081      	0.0747      
120         	25          	0.0171      	0.9085      	0.0744      
121         	25          	0.0187      	0.9082      	0.0731      
122         	25          	0.0181      	0.9096      	0.0723      
123         	25          	0.0164      	0.9103      	0.0733      
124         	25          	0.0164      	0.9069      	0.0767      
125         	25          	0.0173      	0.9024      	0.0803      
126         	25          	0.0163      	0.9043      	0.0794      
127         	25          	0.0144      	0.9071      	0.0785      
128         	25          	0.0158      	0.9088      	0.0754      
129         	25          	0.0167      	0.9124      	0.0709      
130         	25          	0.0163      	0.9149      	0.0688      
131         	25          	0.0169      	0.9117      	0.0714      
132         	25          	0.0185      	0.912       	0.0695      
133         	25          	0.0199      	0.9124      	0.0677      
134         	25          	0.019       	0.9133      	0.0677      
135         	25          	0.0197      	0.9118      	0.0685      
136         	25          	0.0189      	0.9098      	0.0713      
137         	25          	0.0189      	0.9077      	0.0734      
138         	25          	0.0187      	0.9081      	0.0732      
139         	25          	0.0171      	0.9109      	0.072       
140         	25          	0.017       	0.913       	0.07        
141         	25          	0.016       	0.9185      	0.0655      
142         	25          	0.0173      	0.9179      	0.0648      
143         	25          	0.0176      	0.9146      	0.0678      
144         	25          	0.0179      	0.9153      	0.0668      
145         	25          	0.0189      	0.911       	0.0701      
146         	25          	0.0187      	0.9119      	0.0694      
147         	25          	0.0193      	0.912       	0.0687      
148         	25          	0.0205      	0.9165      	0.063       
149         	25          	0.0225      	0.9141      	0.0634      
150         	25          	0.0228      	0.9127      	0.0645      
151         	25          	0.0237      	0.9124      	0.0639      
152         	25          	0.0226      	0.9156      	0.0618      
153         	25          	0.0213      	0.9172      	0.0615      
154         	25          	0.0201      	0.9209      	0.059       
155         	25          	0.0208      	0.9191      	0.0601      
156         	25          	0.0187      	0.9207      	0.0606      
157         	25          	0.0184      	0.9232      	0.0584      
158         	25          	0.0189      	0.922       	0.0591      
159         	25          	0.0163      	0.9208      	0.0629      
160         	25          	0.0143      	0.9208      	0.0649      
161         	25          	0.015       	0.9197      	0.0653      
162         	25          	0.0145      	0.9168      	0.0687      
163         	25          	0.0136      	0.9175      	0.0689      
164         	25          	0.0147      	0.9147      	0.0706      
165         	25          	0.0145      	0.916       	0.0695      
166         	25          	0.0142      	0.9164      	0.0694      
167         	25          	0.013       	0.9187      	0.0683      
168         	25          	0.0124      	0.9191      	0.0685      
169         	25          	0.0119      	0.9175      	0.0706      
170         	25          	0.0112      	0.9185      	0.0703      
171         	25          	0.0127      	0.9161      	0.0712      
172         	25          	0.0131      	0.9157      	0.0712      
173         	25          	0.0118      	0.9205      	0.0677      
174         	25          	0.0101      	0.9244      	0.0655      
175         	25          	0.0099      	0.9283      	0.0618      
176         	25          	0.01        	0.9308      	0.0592      
177         	25          	0.0093      	0.9346      	0.0561      
178         	25          	0.0086      	0.9361      	0.0553      
179         	25          	0.0082      	0.9396      	0.0522      
180         	25          	0.0085      	0.9419      	0.0496      
181         	25          	0.0109      	0.939       	0.0501      
182         	25          	0.0112      	0.9389      	0.0499      
183         	25          	0.0129      	0.9376      	0.0495      
184         	25          	0.0132      	0.9371      	0.0497      
185         	25          	0.0132      	0.9379      	0.0489      
186         	25          	0.0138      	0.9339      	0.0523      
187         	25          	0.0121      	0.9311      	0.0568      
188         	25          	0.0126      	0.9355      	0.0519      
189         	25          	0.0143      	0.9345      	0.0512      
190         	25          	0.014       	0.9343      	0.0517      
191         	25          	0.0132      	0.9334      	0.0534      
192         	25          	0.0143      	0.9322      	0.0535      
193         	25          	0.0135      	0.9305      	0.056       
194         	25          	0.0136      	0.9282      	0.0582      
195         	25          	0.0119      	0.9298      	0.0583      
196         	25          	0.0108      	0.9307      	0.0585      
197         	25          	0.0111      	0.9294      	0.0595      
198         	25          	0.0107      	0.9321      	0.0572      
199         	25          	0.0108      	0.9325      	0.0567      
200         	25          	0.0099      	0.9345      	0.0556      
201         	25          	0.0078      	0.9383      	0.0539      
202         	25          	0.0085      	0.9357      	0.0558      
203         	25          	0.0079      	0.9369      	0.0552      
204         	25          	0.0085      	0.9349      	0.0566      
205         	25          	0.009       	0.9324      	0.0586      
206         	25          	0.0068      	0.932       	0.0612      
207         	25          	0.0067      	0.9336      	0.0597      
208         	25          	0.0062      	0.9312      	0.0626      
209         	25          	0.0069      	0.9303      	0.0628      
210         	25          	0.0075      	0.9251      	0.0674      
211         	25          	0.0075      	0.9231      	0.0694      
212         	25          	0.007       	0.9238      	0.0692      
213         	25          	0.0073      	0.9268      	0.0659      
214         	25          	0.0065      	0.929       	0.0645      
215         	25          	0.0065      	0.9273      	0.0662      
216         	25          	0.0047      	0.9262      	0.0691      
217         	25          	0.0048      	0.9218      	0.0734      
218         	25          	0.0039      	0.922       	0.0741      
219         	25          	0.0044      	0.9255      	0.0701      
220         	25          	0.0042      	0.9254      	0.0704      
221         	25          	0.0037      	0.9297      	0.0666      
222         	25          	0.0046      	0.9278      	0.0676      
223         	25          	0.0052      	0.9257      	0.0691      
224         	25          	0.0052      	0.9244      	0.0704      
225         	25          	0.005       	0.9271      	0.0679      
226         	25          	0.0049      	0.9325      	0.0626      
227         	25          	0.0054      	0.9322      	0.0624      
228         	25          	0.0057      	0.9336      	0.0607      
229         	25          	0.0062      	0.9362      	0.0576      
230         	25          	0.0053      	0.9366      	0.0581      
231         	25          	0.004       	0.9364      	0.0596      
232         	25          	0.0053      	0.9343      	0.0604      
233         	25          	0.0066      	0.9334      	0.06        
234         	25          	0.0055      	0.9353      	0.0592      
235         	25          	0.0063      	0.9362      	0.0575      
236         	25          	0.0068      	0.9332      	0.06        
237         	25          	0.0073      	0.936       	0.0567      
238         	25          	0.0065      	0.9358      	0.0577      
239         	25          	0.0076      	0.936       	0.0564      
240         	25          	0.0077      	0.9369      	0.0554      
241         	25          	0.0079      	0.9359      	0.0562      
242         	25          	0.0067      	0.9367      	0.0566      
243         	25          	0.0075      	0.9375      	0.055       
244         	25          	0.0082      	0.9373      	0.0545      
245         	25          	0.0085      	0.9363      	0.0552      
246         	25          	0.0094      	0.9335      	0.0571      
247         	25          	0.008       	0.9336      	0.0584      
248         	25          	0.0086      	0.9345      	0.0569      
249         	25          	0.0083      	0.9381      	0.0536      
250         	25          	0.0077      	0.9362      	0.0561      
251         	25          	0.0066      	0.9367      	0.0567      
252         	25          	0.0056      	0.9389      	0.0555      
253         	25          	0.0062      	0.9373      	0.0565      
254         	25          	0.0072      	0.9347      	0.0581      
255         	25          	0.0072      	0.9336      	0.0592      
256         	25          	0.0079      	0.9294      	0.0627      
257         	25          	0.0088      	0.9285      	0.0627      
258         	25          	0.0096      	0.9286      	0.0618      
259         	25          	0.0081      	0.9253      	0.0666      
260         	25          	0.008       	0.9246      	0.0674      
261         	25          	0.0055      	0.9293      	0.0652      
262         	25          	0.0052      	0.9288      	0.066       
263         	25          	0.0042      	0.927       	0.0688      
264         	25          	0.0034      	0.924       	0.0726      
265         	25          	0.0033      	0.9236      	0.0731      
266         	25          	0.0031      	0.9237      	0.0732      
267         	25          	0.0032      	0.9237      	0.0731      
268         	25          	0.0029      	0.9222      	0.0749      
269         	25          	0.0032      	0.9252      	0.0716      
270         	25          	0.0035      	0.9252      	0.0713      
271         	25          	0.0038      	0.9278      	0.0684      
272         	25          	0.0039      	0.9295      	0.0666      
273         	25          	0.0033      	0.9293      	0.0674      
274         	25          	0.0033      	0.9312      	0.0655      
275         	25          	0.0031      	0.9332      	0.0637      
276         	25          	0.0026      	0.9335      	0.0639      
277         	25          	0.0024      	0.9331      	0.0645      
278         	25          	0.0019      	0.9324      	0.0657      
279         	25          	0.0017      	0.9325      	0.0658      
280         	25          	0.0021      	0.9333      	0.0646      
281         	25          	0.0025      	0.9316      	0.0659      
282         	25          	0.0023      	0.9327      	0.065       
283         	25          	0.0022      	0.9309      	0.0669      
284         	25          	0.0016      	0.9317      	0.0667      
285         	25          	0.0018      	0.9326      	0.0656      
286         	25          	0.0023      	0.9336      	0.0641      
287         	25          	0.0025      	0.9331      	0.0644      
288         	25          	0.0028      	0.9316      	0.0656      
289         	25          	0.0035      	0.929       	0.0675      
290         	25          	0.0029      	0.931       	0.0661      
291         	25          	0.0025      	0.9298      	0.0677      
292         	25          	0.0021      	0.9316      	0.0663      
293         	25          	0.0026      	0.9294      	0.068       
294         	25          	0.0033      	0.9299      	0.0668      
295         	25          	0.0038      	0.9322      	0.064       
296         	25          	0.0035      	0.9344      	0.0621      
297         	25          	0.0037      	0.9348      	0.0615      
298         	25          	0.0047      	0.9358      	0.0595      
299         	25          	0.0047      	0.9375      	0.0578      
300         	25          	0.0057      	0.9371      	0.0572      
301         	25          	0.005       	0.9345      	0.0605      
302         	25          	0.0048      	0.9369      	0.0583      
303         	25          	0.0045      	0.9359      	0.0596      
304         	25          	0.0053      	0.936       	0.0587      
305         	25          	0.005       	0.9326      	0.0624      
306         	25          	0.004       	0.9306      	0.0654      
307         	25          	0.0046      	0.9259      	0.0695      
308         	25          	0.0049      	0.9229      	0.0722      
309         	25          	0.0041      	0.9245      	0.0714      
310         	25          	0.0034      	0.9263      	0.0703      
311         	25          	0.0026      	0.9282      	0.0692      
312         	25          	0.0014      	0.9284      	0.0702      
313         	25          	0.0014      	0.931       	0.0676      
314         	25          	0.0009      	0.9313      	0.0678      
315         	25          	0.0009      	0.9322      	0.0669      
316         	25          	0.0008      	0.9315      	0.0677      
317         	25          	0.0003      	0.9336      	0.0661      
318         	25          	0.0003      	0.9329      	0.0668      
319         	25          	0.0005      	0.9321      	0.0674      
320         	25          	0.0002      	0.9326      	0.0672      
321         	25          	0.0001      	0.9318      	0.0681      
322         	25          	0.0001      	0.9322      	0.0677      
323         	25          	0.0001      	0.9312      	0.0687      
324         	25          	0           	0.9315      	0.0685      
325         	25          	0           	0.9317      	0.0683      
326         	25          	0           	0.9328      	0.0672      
327         	25          	0           	0.9305      	0.0695      
328         	25          	0           	0.9302      	0.0698      
329         	25          	0           	0.9313      	0.0687      
330         	25          	0           	0.9333      	0.0667      
331         	25          	0           	0.9337      	0.0663      
332         	25          	0           	0.9327      	0.0673      
333         	25          	0           	0.9357      	0.0643      
334         	25          	0           	0.9365      	0.0635      
335         	25          	0           	0.9396      	0.0604      
336         	25          	0           	0.9382      	0.0618      
337         	25          	0           	0.9372      	0.0628      
338         	25          	0           	0.942       	0.058       
339         	25          	0           	0.9408      	0.0592      
340         	25          	0           	0.9396      	0.0604      
341         	25          	0           	0.9393      	0.0607      
342         	25          	0           	0.9358      	0.0642      
343         	25          	0           	0.9368      	0.0632      
344         	25          	0           	0.9374      	0.0626      
345         	25          	0           	0.9358      	0.0642      
346         	25          	0           	0.9376      	0.0624      
347         	25          	0           	0.9384      	0.0616      
348         	25          	0           	0.9352      	0.0648      
349         	25          	0           	0.9367      	0.0633      
350         	25          	0           	0.9349      	0.0651      
351         	25          	0           	0.9348      	0.0652      
352         	25          	0           	0.9361      	0.0639      
353         	25          	0           	0.937       	0.063       
354         	25          	0           	0.9371      	0.0629      
355         	25          	0           	0.9356      	0.0644      
356         	25          	0           	0.9388      	0.0612      
357         	25          	0           	0.9356      	0.0644      
358         	25          	0           	0.9345      	0.0655      
359         	25          	0           	0.9339      	0.0661      
360         	25          	0           	0.9331      	0.0669      
361         	25          	0           	0.9312      	0.0688      
362         	25          	0           	0.9275      	0.0725      
363         	25          	0           	0.9312      	0.0688      
364         	25          	0           	0.9337      	0.0663      
365         	25          	0           	0.9312      	0.0688      
366         	25          	0           	0.9327      	0.0673      
367         	25          	0           	0.9312      	0.0688      
368         	25          	0           	0.9327      	0.0673      
369         	25          	0           	0.9346      	0.0654      
370         	25          	0           	0.9338      	0.0662      
371         	25          	0           	0.9313      	0.0687      
372         	25          	0           	0.9295      	0.0705      
373         	25          	0           	0.9319      	0.0681      
374         	25          	0           	0.9329      	0.0671      
375         	25          	0           	0.931       	0.069       
376         	25          	0           	0.9312      	0.0688      
377         	25          	0           	0.9339      	0.0661      
378         	25          	0           	0.937       	0.063       
379         	25          	0           	0.938       	0.062       
380         	25          	0           	0.9373      	0.0627      
381         	25          	0           	0.9354      	0.0646      
382         	25          	0           	0.9342      	0.0658      
383         	25          	0           	0.9311      	0.0689      
384         	25          	0           	0.9301      	0.0699      
385         	25          	0           	0.9316      	0.0684      
386         	25          	0           	0.9327      	0.0673      
387         	25          	0           	0.9326      	0.0674      
388         	25          	0           	0.933       	0.067       
389         	25          	0           	0.931       	0.069       
390         	25          	0           	0.9291      	0.0709      
391         	25          	0           	0.9322      	0.0678      
392         	25          	0           	0.9301      	0.0699      
393         	25          	0           	0.9299      	0.0701      
394         	25          	0           	0.9307      	0.0693      
395         	25          	0           	0.9288      	0.0712      
396         	25          	0           	0.9284      	0.0716      
397         	25          	0           	0.9316      	0.0684      
398         	25          	0           	0.9324      	0.0676      
399         	25          	0           	0.933       	0.067       
400         	25          	0           	0.9316      	0.0684      
401         	25          	0           	0.9349      	0.0651      
402         	25          	0           	0.9322      	0.0678      
403         	25          	0           	0.9334      	0.0666      
404         	25          	0           	0.9363      	0.0637      
405         	25          	0           	0.9318      	0.0682      
406         	25          	0           	0.9315      	0.0685      
407         	25          	0           	0.9332      	0.0668      
408         	25          	0           	0.933       	0.067       
409         	25          	0           	0.9346      	0.0654      
410         	25          	0           	0.9337      	0.0663      
411         	25          	0           	0.9338      	0.0662      
412         	25          	0           	0.9357      	0.0643      
413         	25          	0           	0.9313      	0.0687      
414         	25          	0           	0.932       	0.068       
415         	25          	0           	0.9336      	0.0664      
416         	25          	0           	0.932       	0.068       
417         	25          	0           	0.9296      	0.0704      
418         	25          	0           	0.9281      	0.0719      
419         	25          	0           	0.9265      	0.0735      
420         	25          	0           	0.9279      	0.0721      
421         	25          	0           	0.9264      	0.0736      
422         	25          	0           	0.9247      	0.0753      
423         	25          	0           	0.9253      	0.0747      
424         	25          	0           	0.9254      	0.0746      
425         	25          	0           	0.9254      	0.0746      
426         	25          	0           	0.9255      	0.0745      
427         	25          	0           	0.9293      	0.0707      
428         	25          	0           	0.9291      	0.0709      
429         	25          	0           	0.9309      	0.0691      
430         	25          	0           	0.9329      	0.0671      
431         	25          	0           	0.9294      	0.0706      
432         	25          	0           	0.9277      	0.0723      
433         	25          	0           	0.9276      	0.0724      
434         	25          	0           	0.9282      	0.0718      
435         	25          	0           	0.9239      	0.0761      
436         	25          	0           	0.924       	0.076       
437         	25          	0           	0.9253      	0.0747      
438         	25          	0           	0.927       	0.073       
439         	25          	0           	0.929       	0.071       
440         	25          	0           	0.9285      	0.0715      
441         	25          	0           	0.9288      	0.0712      
442         	25          	0           	0.9277      	0.0723      
443         	25          	0           	0.9276      	0.0724      
444         	25          	0           	0.9308      	0.0692      
445         	25          	0           	0.9272      	0.0728      
446         	25          	0           	0.9263      	0.0737      
447         	25          	0           	0.9262      	0.0738      
448         	25          	0           	0.9241      	0.0759      
449         	25          	0           	0.9237      	0.0763      
450         	25          	0           	0.9233      	0.0767      
451         	25          	0           	0.9252      	0.0748      
452         	25          	0           	0.9268      	0.0732      
453         	25          	0           	0.9259      	0.0741      
454         	25          	0           	0.9268      	0.0732      
455         	25          	0           	0.9264      	0.0736      
456         	25          	0           	0.9273      	0.0727      
457         	25          	0           	0.9267      	0.0733      
458         	25          	0           	0.9254      	0.0746      
459         	25          	0           	0.9258      	0.0742      
460         	25          	0           	0.9274      	0.0726      
461         	25          	0           	0.93        	0.07        
462         	25          	0           	0.9316      	0.0684      
463         	25          	0           	0.9358      	0.0642      
464         	25          	0           	0.9375      	0.0625      
465         	25          	0           	0.9361      	0.0639      
466         	25          	0           	0.9359      	0.0641      
467         	25          	0           	0.9335      	0.0665      
468         	25          	0           	0.9377      	0.0623      
469         	25          	0           	0.9382      	0.0618      
470         	25          	0           	0.9386      	0.0614      
471         	25          	0           	0.9395      	0.0605      
472         	25          	0           	0.9363      	0.0637      
473         	25          	0           	0.9344      	0.0656      
474         	25          	0           	0.9348      	0.0652      
475         	25          	0           	0.9343      	0.0657      
476         	25          	0           	0.9397      	0.0603      
477         	25          	0           	0.9363      	0.0637      
478         	25          	0           	0.9365      	0.0635      
479         	25          	0           	0.9356      	0.0644      
480         	25          	0           	0.9343      	0.0657      
481         	25          	0           	0.936       	0.064       
482         	25          	0           	0.9361      	0.0639      
483         	25          	0           	0.9347      	0.0653      
484         	25          	0           	0.935       	0.065       
485         	25          	0           	0.9359      	0.0641      
486         	25          	0           	0.9332      	0.0668      
487         	25          	0           	0.9325      	0.0675      
488         	25          	0           	0.9323      	0.0677      
489         	25          	0           	0.9331      	0.0669      
490         	25          	0           	0.9316      	0.0684      
491         	25          	0           	0.9292      	0.0708      
492         	25          	0           	0.93        	0.07        
493         	25          	0           	0.931       	0.069       
494         	25          	0           	0.9286      	0.0714      
495         	25          	0           	0.9268      	0.0732      
496         	25          	0           	0.9257      	0.0743      
497         	25          	0           	0.9283      	0.0717      
498         	25          	0           	0.9289      	0.0711      
499         	25          	0           	0.9301      	0.0699      
500         	25          	0           	0.9299      	0.0701      
501         	25          	0           	0.9289      	0.0711      
502         	25          	0           	0.9268      	0.0732      
503         	25          	0           	0.9273      	0.0727      
504         	25          	0           	0.9283      	0.0717      
505         	25          	0           	0.9297      	0.0703      
506         	25          	0           	0.9316      	0.0684      
507         	25          	0           	0.9323      	0.0677      
508         	25          	0           	0.931       	0.069       
509         	25          	0           	0.9294      	0.0706      
510         	25          	0           	0.9305      	0.0695      
511         	25          	0           	0.9273      	0.0727      
512         	25          	0           	0.9289      	0.0711      
513         	25          	0           	0.9293      	0.0707      
514         	25          	0           	0.9287      	0.0713      
515         	25          	0           	0.9295      	0.0705      
516         	25          	0           	0.9295      	0.0705      
517         	25          	0           	0.9313      	0.0687      
518         	25          	0           	0.9301      	0.0699      
519         	25          	0           	0.9301      	0.0699      
520         	25          	0           	0.928       	0.072       
521         	25          	0           	0.9258      	0.0742      
522         	25          	0           	0.9261      	0.0739      
523         	25          	0           	0.9262      	0.0738      
524         	25          	0           	0.9267      	0.0733      
525         	25          	0           	0.9269      	0.0731      
526         	25          	0           	0.927       	0.073       
527         	25          	0           	0.9263      	0.0737      
528         	25          	0           	0.9261      	0.0739      
529         	25          	0           	0.9276      	0.0724      
530         	25          	0           	0.9275      	0.0725      
531         	25          	0           	0.9288      	0.0712      
532         	25          	0           	0.9252      	0.0748      
533         	25          	0           	0.9293      	0.0707      
534         	25          	0           	0.9293      	0.0707      
535         	25          	0           	0.9295      	0.0705      
536         	25          	0           	0.9315      	0.0685      
537         	25          	0           	0.9318      	0.0682      
538         	25          	0           	0.9329      	0.0671      
539         	25          	0           	0.9323      	0.0677      
540         	25          	0           	0.9329      	0.0671      
541         	25          	0           	0.9319      	0.0681      
542         	25          	0           	0.9308      	0.0692      
543         	25          	0           	0.9308      	0.0692      
544         	25          	0           	0.9302      	0.0698      
545         	25          	0           	0.9286      	0.0714      
546         	25          	0           	0.9272      	0.0728      
547         	25          	0           	0.9285      	0.0715      
548         	25          	0           	0.9268      	0.0732      
549         	25          	0           	0.9264      	0.0736      
550         	25          	0           	0.9282      	0.0718      
551         	25          	0           	0.9275      	0.0725      
552         	25          	0           	0.9275      	0.0725      
553         	25          	0           	0.925       	0.075       
554         	25          	0           	0.9257      	0.0743      
555         	25          	0           	0.9256      	0.0744      
556         	25          	0           	0.925       	0.075       
557         	25          	0           	0.9245      	0.0755      
558         	25          	0           	0.9245      	0.0755      
559         	25          	0           	0.9255      	0.0745      
560         	25          	0           	0.9272      	0.0728      
561         	25          	0           	0.9275      	0.0725      
562         	25          	0           	0.9293      	0.0707      
563         	25          	0           	0.9294      	0.0706      
564         	25          	0           	0.9295      	0.0705      
565         	25          	0           	0.9309      	0.0691      
566         	25          	0           	0.9303      	0.0697      
567         	25          	0           	0.9316      	0.0684      
568         	25          	0           	0.9339      	0.0661      
569         	25          	0           	0.934       	0.066       
570         	25          	0           	0.9339      	0.0661      
571         	25          	0           	0.9322      	0.0678      
572         	25          	0           	0.9334      	0.0666      
573         	25          	0           	0.9325      	0.0675      
574         	25          	0           	0.9319      	0.0681      
575         	25          	0           	0.9322      	0.0678      
576         	25          	0           	0.9302      	0.0698      
577         	25          	0           	0.9311      	0.0689      
578         	25          	0           	0.9322      	0.0678      
579         	25          	0           	0.9317      	0.0683      
580         	25          	0           	0.9296      	0.0704      
581         	25          	0           	0.9286      	0.0714      
582         	25          	0           	0.9293      	0.0707      
583         	25          	0           	0.9294      	0.0706      
584         	25          	0           	0.9285      	0.0715      
585         	25          	0           	0.9298      	0.0702      
586         	25          	0           	0.9294      	0.0706      
587         	25          	0           	0.929       	0.071       
588         	25          	0           	0.9302      	0.0698      
589         	25          	0           	0.9285      	0.0715      
590         	25          	0           	0.9283      	0.0717      
591         	25          	0           	0.9287      	0.0713      
592         	25          	0           	0.9299      	0.0701      
593         	25          	0           	0.933       	0.067       
594         	25          	0           	0.9335      	0.0665      
595         	25          	0           	0.9341      	0.0659      
596         	25          	0           	0.935       	0.065       
597         	25          	0           	0.9344      	0.0656      
598         	25          	0           	0.9388      	0.0612      
599         	25          	0           	0.9385      	0.0615      
600         	25          	0           	0.9367      	0.0633      
601         	25          	0           	0.9358      	0.0642      
602         	25          	0           	0.9345      	0.0655      
603         	25          	0           	0.932       	0.068       
604         	25          	0           	0.9335      	0.0665      
605         	25          	0           	0.9324      	0.0676      
606         	25          	0           	0.9339      	0.0661      
607         	25          	0           	0.934       	0.066       
608         	25          	0           	0.937       	0.063       
609         	25          	0           	0.9391      	0.0609      
610         	25          	0           	0.9387      	0.0613      
611         	25          	0           	0.9391      	0.0609      
612         	25          	0           	0.939       	0.061       
613         	25          	0           	0.9398      	0.0602      
614         	25          	0           	0.9369      	0.0631      
